5136
0 750.04800
1 478.33150
2 323.77450
3 246.76050
4 207.11700
5 174.89600
6 136.42550
7 97.58600
8 67.38550
9 51.85050
10 48.90200
11 54.67150
12 64.41900
13 73.79150
14 79.90650
15 80.87200
16 76.94550
17 69.62250
18 59.05400
19 47.58750
20 36.45250
21 26.38200
22 18.28600
23 12.25500
24 7.83450
25 4.78000
26 2.83750
27 1.70950
28 1.07100
29 0.85450
30 0.86950
31 1.06750
32 1.52550
33 2.24500
34 3.10000
35 4.29250
36 5.79000
37 7.59550
38 9.60250
39 11.87750
40 14.32200
41 16.94200
42 19.45300
43 22.16750
44 24.16350
45 25.94600
46 27.49350
47 28.33500
48 28.23150
49 28.04150
50 27.04600
51 25.83200
52 23.97600
53 22.01750
54 19.63100
55 17.28350
56 14.91350
57 12.66750
58 10.49650
59 8.51800
60 7.03900
61 5.42200
62 4.39550
63 3.29600
64 2.56200
65 1.86800
66 1.31800
67 1.02050
68 0.74450
69 0.49300
70 0.31100
71 0.23150
72 0.15400
73 0.10650
74 0.06900
75 0.04700
76 0.02900
77 0.01650
78 0.01100
79 0.00650
80 0.00200
81 0.00200
82 0.00150
83 0.00100
84 0.00050
85 0.00050
86 0.00000
87 0.00000
88 0.00000
89 0.00000
90 0.00000
91 0.00000
92 0.00000
93 0.00000
94 0.00000
95 0.00000
96 0.00000
97 0.00000
98 0.00000
99 0.00000
100 0.00100
101 0.00000
102 0.00100
103 0.00100
104 0.00100
105 0.00050
106 0.00250
107 0.00450
108 0.00250
109 0.00900
110 0.00700
111 0.01050
112 0.01650
113 0.02050
114 0.03000
115 0.04150
116 0.04650
117 0.07800
118 0.09000
119 0.11500
120 0.16000
121 0.22750
122 0.25150
123 0.30150
124 0.41100
125 0.49900
126 0.60900
127 0.69450
128 0.83000
129 1.03100
130 1.21200
131 1.41400
132 1.59050
133 1.80000
134 2.14850
135 2.46850
136 2.71250
137 2.97800
138 3.38800
139 3.73500
140 4.08900
141 4.42100
142 4.81850
143 5.16700
144 5.47800
145 5.83600
146 6.14750
147 6.40150
148 6.57350
149 6.75800
150 6.89400
151 6.98050
152 6.95850
153 7.16050
154 7.01400
155 6.96300
156 6.95150
157 6.56350
158 6.54750
159 6.28000
160 6.05600
161 5.63900
162 5.37050
163 5.20100
164 4.80200
165 4.36400
166 4.15550
167 3.76300
168 3.39750
169 3.02000
170 2.76350
171 2.51500
172 2.21200
173 2.04600
174 1.78800
175 1.48750
176 1.32850
177 1.17000
178 1.00150
179 0.85650
180 0.69600
181 0.61400
182 0.50100
183 0.41100
184 0.36050
185 0.29300
186 0.25050
187 0.20700
188 0.14900
189 0.12950
190 0.11150
191 0.08600
192 0.06600
193 0.06050
194 0.04000
195 0.03500
196 0.02800
197 0.02550
198 0.00950
199 0.01300
200 0.00850
201 0.00600
202 0.00450
203 0.00250
204 0.00200
205 0.00300
206 0.00200
207 0.00050
208 0.00100
209 0.00100
210 0.00050
211 0.00050
212 0.00000
213 0.00100
214 0.00000
215 0.00000
216 0.00000
217 0.00000
218 0.00000
219 0.00000
220 0.00000
221 0.00000
222 0.00000
223 0.00000
224 0.00000
225 0.00000
226 0.00000
227 0.00000
228 0.00000
229 0.00000
230 0.00000
231 0.00000
232 0.00000
233 0.00000
234 0.00000
235 0.00000
236 0.00000
237 0.00000
238 0.00000
239 0.00000
240 0.00000
241 0.00000
242 0.00000
243 0.00000
244 0.00000
245 0.00000
246 0.00000
247 0.00000
248 0.00000
249 0.00000
250 0.00000
251 0.00000
252 0.00000
253 0.00000
254 0.00000
255 0.00000
256 0.00000
257 0.00000
258 0.00000
259 0.00000
260 0.00000
261 0.00000
262 0.00000
263 0.00000
264 0.00000
265 0.00000
266 0.00000
267 0.00000
268 0.00000
269 0.00000
270 0.00000
271 0.00000
272 0.00000
273 0.00000
274 0.00000
275 0.00000
276 0.00000
277 0.00000
278 0.00000
279 0.00000
280 0.00000
281 0.00000
282 0.00000
283 0.00000
284 0.00000
285 0.00000
286 0.00000
287 0.00000
288 0.00000
289 0.00000
290 0.00000
291 0.00000
292 0.00000
293 0.00000
294 0.00000
295 0.00000
296 0.00000
297 0.00000
298 0.00000
299 0.00000
300 0.00000
301 0.00000
302 0.00000
303 0.00000
304 0.00000
305 0.00000
306 0.00000
307 0.00000
308 0.00000
309 0.00000
310 0.00000
311 0.00000
312 0.00000
313 0.00000
314 0.00000
315 0.00000
316 0.00000
317 0.00000
318 0.00000
319 0.00000
320 0.00000
321 0.00000
322 0.00000
323 0.00000
324 0.00000
325 0.00000
326 0.00000
327 0.00000
328 0.00000
329 0.00000
330 0.00000
331 0.00000
332 0.00000
333 0.00000
334 0.00000
335 0.00000
336 0.00000
337 0.00000
338 0.00000
339 0.00000
340 0.00000
341 0.00000
342 0.00000
343 0.00000
344 0.00000
345 0.00000
346 0.00000
347 0.00000
348 0.00000
349 0.00000
350 0.00000
351 0.00000
352 0.00000
353 0.00000
354 0.00000
355 0.00000
356 0.00000
357 0.00000
358 0.00000
359 0.00000
360 0.00000
361 0.00000
362 0.00000
363 0.00000
364 0.00000
365 0.00000
366 0.00000
367 0.00000
368 0.00000
369 0.00000
370 0.00000
371 0.00000
372 0.00000
373 0.00000
374 0.00000
375 0.00000
376 0.00000
377 0.00000
378 0.00000
379 0.00000
380 0.00000
381 0.00000
382 0.00000
383 0.00000
384 0.00000
385 0.00000
386 0.00000
387 0.00000
388 0.00000
389 0.00000
390 0.00000
391 0.00000
392 0.00050
393 0.00000
394 0.00000
395 0.00000
396 0.00050
397 0.00000
398 0.00000
399 0.00000
400 0.00100
401 0.00050
402 0.00150
403 0.00000
404 0.00100
405 0.00250
406 0.00100
407 0.00050
408 0.00100
409 0.00300
410 0.00150
411 0.00200
412 0.00400
413 0.00450
414 0.00550
415 0.00550
416 0.00550
417 0.00850
418 0.00950
419 0.01250
420 0.01450
421 0.01550
422 0.01800
423 0.02150
424 0.02250
425 0.03150
426 0.02750
427 0.03300
428 0.03250
429 0.04650
430 0.04700
431 0.04600
432 0.05850
433 0.06000
434 0.07250
435 0.08950
436 0.09850
437 0.09550
438 0.11050
439 0.13000
440 0.14250
441 0.16600
442 0.16700
443 0.18550
444 0.20950
445 0.21350
446 0.22600
447 0.24300
448 0.31700
449 0.30800
450 0.31950
451 0.36850
452 0.38350
453 0.41450
454 0.46200
455 0.45200
456 0.49050
457 0.50350
458 0.57850
459 0.59250
460 0.65050
461 0.65250
462 0.73350
463 0.69750
464 0.73850
465 0.79400
466 0.84900
467 0.84550
468 0.87800
469 0.90550
470 0.91150
471 1.00750
472 1.03500
473 1.03250
474 1.10500
475 1.08300
476 1.06950
477 1.13900
478 1.14500
479 1.18200
480 1.12300
481 1.18100
482 1.19600
483 1.21200
484 1.21250
485 1.18350
486 1.18800
487 1.21250
488 1.20350
489 1.16250
490 1.20550
491 1.13850
492 1.11550
493 1.13200
494 1.11700
495 1.09800
496 1.02600
497 1.01850
498 1.05900
499 0.97950
500 0.95250
501 0.91000
502 0.88550
503 0.86700
504 0.81050
505 0.78050
506 0.72800
507 0.70600
508 0.68050
509 0.66400
510 0.60500
511 0.61650
512 0.53650
513 0.51600
514 0.50500
515 0.46700
516 0.45200
517 0.43800
518 0.37400
519 0.35850
520 0.32750
521 0.31100
522 0.30550
523 0.28800
524 0.24100
525 0.22450
526 0.22800
527 0.19050
528 0.19350
529 0.18350
530 0.14650
531 0.13800
532 0.11850
533 0.12400
534 0.10650
535 0.10350
536 0.08350
537 0.07650
538 0.07700
539 0.05850
540 0.06000
541 0.05350
542 0.04350
543 0.04100
544 0.04150
545 0.02800
546 0.02850
547 0.02500
548 0.02300
549 0.02500
550 0.02100
551 0.01850
552 0.01450
553 0.01150
554 0.01000
555 0.00950
556 0.00850
557 0.00600
558 0.00700
559 0.00500
560 0.00850
561 0.00450
562 0.00400
563 0.00350
564 0.00150
565 0.00250
566 0.00100
567 0.00100
568 0.00250
569 0.00100
570 0.00250
571 0.00050
572 0.00000
573 0.00050
574 0.00000
575 0.00050
576 0.00100
577 0.00000
578 0.00000
579 0.00000
580 0.00000
581 0.00000
582 0.00000
583 0.00000
584 0.00050
585 0.00100
586 0.00000
587 0.00000
588 0.00000
589 0.00000
590 0.00000
591 0.00000
592 0.00000
593 0.00000
594 0.00000
595 0.00000
596 0.00000
597 0.00000
598 0.00000
599 0.00000
600 0.00000
601 0.00000
602 0.00000
603 0.00000
604 0.00000
605 0.00000
606 0.00000
607 0.00000
608 0.00000
609 0.00000
610 0.00000
611 0.00000
612 0.00000
613 0.00000
614 0.00000
615 0.00000
616 0.00000
617 0.00000
618 0.00000
619 0.00000
620 0.00000
621 0.00000
622 0.00000
623 0.00000
624 0.00000
625 0.00000
626 0.00000
627 0.00000
628 0.00000
629 0.00000
630 0.00000
631 0.00000
632 0.00000
633 0.00000
634 0.00000
635 0.00000
636 0.00000
637 0.00000
638 0.00000
639 0.00000
640 0.00000
641 0.00000
642 0.00000
643 0.00000
644 0.00000
645 0.00000
646 0.00000
647 0.00000
648 0.00000
649 0.00000
650 0.00000
651 0.00000
652 0.00000
653 0.00000
654 0.00000
655 0.00000
656 0.00000
657 0.00000
658 0.00000
659 0.00000
660 0.00000
661 0.00000
662 0.00000
663 0.00000
664 0.00000
665 0.00000
666 0.00000
667 0.00000
668 0.00000
669 0.00000
670 0.00000
671 0.00000
672 0.00000
673 0.00000
674 0.00000
675 0.00000
676 0.00000
677 0.00000
678 0.00000
679 0.00000
680 0.00000
681 0.00000
682 0.00000
683 0.00000
684 0.00000
685 0.00000
686 0.00000
687 0.00000
688 0.00000
689 0.00000
690 0.00000
691 0.00000
692 0.00000
693 0.00000
694 0.00000
695 0.00000
696 0.00000
697 0.00000
698 0.00000
699 0.00000
700 0.00000
701 0.00000
702 0.00000
703 0.00000
704 0.00000
705 0.00000
706 0.00000
707 0.00000
708 0.00000
709 0.00000
710 0.00000
711 0.00000
712 0.00000
713 0.00000
714 0.00000
715 0.00000
716 0.00000
717 0.00000
718 0.00000
719 0.00000
720 0.00000
721 0.00000
722 0.00000
723 0.00000
724 0.00000
725 0.00000
726 0.00000
727 0.00000
728 0.00000
729 0.00000
730 0.00000
731 0.00000
732 0.00000
733 0.00000
734 0.00000
735 0.00000
736 0.00000
737 0.00000
738 0.00000
739 0.00000
740 0.00000
741 0.00000
742 0.00000
743 0.00000
744 0.00000
745 0.00000
746 0.00000
747 0.00000
748 0.00000
749 0.00000
750 0.00000
751 0.00000
752 0.00000
753 0.00000
754 0.00000
755 0.00000
756 0.00000
757 0.00000
758 0.00000
759 0.00000
760 0.00000
761 0.00000
762 0.00000
763 0.00000
764 0.00000
765 0.00000
766 0.00000
767 0.00000
768 0.00000
769 0.00000
770 0.00000
771 0.00000
772 0.00000
773 0.00000
774 0.00000
775 0.00000
776 0.00000
777 0.00000
778 0.00000
779 0.00000
780 0.00000
781 0.00000
782 0.00000
783 0.00000
784 0.00000
785 0.00000
786 0.00000
787 0.00000
788 0.00000
789 0.00000
790 0.00000
791 0.00000
792 0.00000
793 0.00000
794 0.00000
795 0.00000
796 0.00000
797 0.00000
798 0.00000
799 0.00000
800 0.00000
801 0.00000
802 0.00000
803 0.00000
804 0.00000
805 0.00000
806 0.00000
807 0.00000
808 0.00000
809 0.00000
810 0.00000
811 0.00000
812 0.00000
813 0.00000
814 0.00000
815 0.00000
816 0.00000
817 0.00000
818 0.00000
819 0.00000
820 0.00000
821 0.00000
822 0.00000
823 0.00000
824 0.00000
825 0.00000
826 0.00000
827 0.00000
828 0.00000
829 0.00000
830 0.00000
831 0.00000
832 0.00000
833 0.00000
834 0.00000
835 0.00000
836 0.00000
837 0.00000
838 0.00000
839 0.00000
840 0.00000
841 0.00000
842 0.00000
843 0.00000
844 0.00000
845 0.00000
846 0.00000
847 0.00000
848 0.00000
849 0.00000
850 0.00000
851 0.00000
852 0.00000
853 0.00000
854 0.00000
855 0.00000
856 0.00000
857 0.00000
858 0.00000
859 0.00000
860 0.00000
861 0.00000
862 0.00000
863 0.00000
864 0.00000
865 0.00000
866 0.00000
867 0.00000
868 0.00000
869 0.00000
870 0.00000
871 0.00000
872 0.00000
873 0.00000
874 0.00000
875 0.00000
876 0.00000
877 0.00000
878 0.00000
879 0.00000
880 0.00000
881 0.00000
882 0.00000
883 0.00000
884 0.00000
885 0.00000
886 0.00000
887 0.00000
888 0.00000
889 0.00000
890 0.00000
891 0.00000
892 0.00000
893 0.00000
894 0.00000
895 0.00000
896 0.00000
897 0.00000
898 0.00000
899 0.00000
900 0.00000
901 0.00000
902 0.00000
903 0.00000
904 0.00000
905 0.00000
906 0.00000
907 0.00000
908 0.00000
909 0.00000
910 0.00000
911 0.00000
912 0.00000
913 0.00000
914 0.00000
915 0.00000
916 0.00000
917 0.00000
918 0.00000
919 0.00000
920 0.00000
921 0.00000
922 0.00000
923 0.00000
924 0.00000
925 0.00000
926 0.00000
927 0.00000
928 0.00000
929 0.00000
930 0.00000
931 0.00000
932 0.00000
933 0.00000
934 0.00000
935 0.00000
936 0.00000
937 0.00000
938 0.00000
939 0.00000
940 0.00000
941 0.00000
942 0.00000
943 0.00000
944 0.00000
945 0.00000
946 0.00000
947 0.00000
948 0.00000
949 0.00000
950 0.00000
951 0.00000
952 0.00000
953 0.00000
954 0.00000
955 0.00000
956 0.00000
957 0.00000
958 0.00000
959 0.00000
960 0.00000
961 0.00000
962 0.00000
963 0.00000
964 0.00000
965 0.00000
966 0.00000
967 0.00000
968 0.00000
969 0.00000
970 0.00000
971 0.00000
972 0.00000
973 0.00000
974 0.00000
975 0.00000
976 0.00000
977 0.00000
978 0.00000
979 0.00000
980 0.00000
981 0.00000
982 0.00000
983 0.00000
984 0.00000
985 0.00000
986 0.00000
987 0.00000
988 0.00000
989 0.00000
990 0.00000
991 0.00000
992 0.00000
993 0.00000
994 0.00000
995 0.00000
996 0.00000
997 0.00000
998 0.00000
999 0.00000
1000 0.00000
1001 0.00000
1002 0.00000
1003 0.00000
1004 0.00000
1005 0.00000
1006 0.00000
1007 0.00000
1008 0.00000
1009 0.00000
1010 0.00000
1011 0.00000
1012 0.00000
1013 0.00000
1014 0.00000
1015 0.00000
1016 0.00000
1017 0.00000
1018 0.00000
1019 0.00000
1020 0.00000
1021 0.00000
1022 0.00000
1023 0.00000
1024 0.00000
1025 0.00000
1026 0.00000
1027 0.00000
1028 0.00000
1029 0.00000
1030 0.00000
1031 0.00000
1032 0.00000
1033 0.00000
1034 0.00000
1035 0.00000
1036 0.00000
1037 0.00000
1038 0.00000
1039 0.00000
1040 0.00000
1041 0.00000
1042 0.00000
1043 0.00000
1044 0.00000
1045 0.00000
1046 0.00000
1047 0.00000
1048 0.00000
1049 0.00000
1050 0.00000
1051 0.00000
1052 0.00000
1053 0.00000
1054 0.00000
1055 0.00000
1056 0.00000
1057 0.00000
1058 0.00000
1059 0.00000
1060 0.00000
1061 0.00000
1062 0.00000
1063 0.00000
1064 0.00000
1065 0.00000
1066 0.00000
1067 0.00000
1068 0.00000
1069 0.00000
1070 0.00000
1071 0.00000
1072 0.00000
1073 0.00000
1074 0.00000
1075 0.00000
1076 0.00000
1077 0.00000
1078 0.00000
1079 0.00000
1080 0.00000
1081 0.00000
1082 0.00000
1083 0.00000
1084 0.00000
1085 0.00000
1086 0.00000
1087 0.00000
1088 0.00000
1089 0.00000
1090 0.00000
1091 0.00000
1092 0.00000
1093 0.00000
1094 0.00000
1095 0.00000
1096 0.00000
1097 0.00000
1098 0.00000
1099 0.00000
1100 0.00000
1101 0.00000
1102 0.00000
1103 0.00000
1104 0.00000
1105 0.00000
1106 0.00000
1107 0.00000
1108 0.00000
1109 0.00000
1110 0.00000
1111 0.00000
1112 0.00000
1113 0.00000
1114 0.00000
1115 0.00000
1116 0.00000
1117 0.00000
1118 0.00000
1119 0.00000
1120 0.00000
1121 0.00000
1122 0.00000
1123 0.00000
1124 0.00000
1125 0.00000
1126 0.00000
1127 0.00000
1128 0.00000
1129 0.00000
1130 0.00000
1131 0.00000
1132 0.00000
1133 0.00000
1134 0.00000
1135 0.00000
1136 0.00000
1137 0.00000
1138 0.00000
1139 0.00000
1140 0.00000
1141 0.00000
1142 0.00000
1143 0.00000
1144 0.00000
1145 0.00000
1146 0.00000
1147 0.00000
1148 0.00000
1149 0.00000
1150 0.00000
1151 0.00000
1152 0.00000
1153 0.00000
1154 0.00000
1155 0.00000
1156 0.00000
1157 0.00000
1158 0.00000
1159 0.00000
1160 0.00000
1161 0.00000
1162 0.00000
1163 0.00000
1164 0.00000
1165 0.00000
1166 0.00000
1167 0.00000
1168 0.00000
1169 0.00000
1170 0.00000
1171 0.00000
1172 0.00000
1173 0.00000
1174 0.00000
1175 0.00000
1176 0.00000
1177 0.00000
1178 0.00000
1179 0.00000
1180 0.00000
1181 0.00000
1182 0.00000
1183 0.00000
1184 0.00000
1185 0.00000
1186 0.00000
1187 0.00000
1188 0.00000
1189 0.00000
1190 0.00000
1191 0.00000
1192 0.00000
1193 0.00000
1194 0.00000
1195 0.00000
1196 0.00000
1197 0.00000
1198 0.00000
1199 0.00000
1200 0.00000
1201 0.00000
1202 0.00000
1203 0.00000
1204 0.00000
1205 0.00000
1206 0.00000
1207 0.00000
1208 0.00000
1209 0.00000
1210 0.00000
1211 0.00000
1212 0.00000
1213 0.00000
1214 0.00000
1215 0.00000
1216 0.00000
1217 0.00000
1218 0.00000
1219 0.00000
1220 0.00000
1221 0.00000
1222 0.00000
1223 0.00000
1224 0.00000
1225 0.00000
1226 0.00000
1227 0.00000
1228 0.00000
1229 0.00000
1230 0.00000
1231 0.00000
1232 0.00000
1233 0.00000
1234 0.00000
1235 0.00000
1236 0.00000
1237 0.00000
1238 0.00000
1239 0.00000
1240 0.00000
1241 0.00000
1242 0.00000
1243 0.00000
1244 0.00000
1245 0.00000
1246 0.00000
1247 0.00000
1248 0.00000
1249 0.00000
1250 0.00000
1251 0.00000
1252 0.00000
1253 0.00000
1254 0.00000
1255 0.00000
1256 0.00000
1257 0.00000
1258 0.00000
1259 0.00000
1260 0.00000
1261 0.00000
1262 0.00000
1263 0.00000
1264 0.00000
1265 0.00000
1266 0.00000
1267 0.00000
1268 0.00000
1269 0.00000
1270 0.00000
1271 0.00000
1272 0.00000
1273 0.00000
1274 0.00000
1275 0.00000
1276 0.00000
1277 0.00000
1278 0.00000
1279 0.00000
1280 0.00000
1281 0.00000
1282 0.00000
1283 0.00000
1284 0.00000
1285 0.00000
1286 0.00000
1287 0.00000
1288 0.00000
1289 0.00000
1290 0.00000
1291 0.00000
1292 0.00000
1293 0.00000
1294 0.00000
1295 0.00000
1296 0.00000
1297 0.00000
1298 0.00000
1299 0.00000
1300 0.00000
1301 0.00000
1302 0.00000
1303 0.00000
1304 0.00000
1305 0.00000
1306 0.00000
1307 0.00000
1308 0.00000
1309 0.00000
1310 0.00000
1311 0.00000
1312 0.00000
1313 0.00000
1314 0.00000
1315 0.00000
1316 0.00000
1317 0.00000
1318 0.00000
1319 0.00000
1320 0.00000
1321 0.00000
1322 0.00000
1323 0.00000
1324 0.00000
1325 0.00000
1326 0.00000
1327 0.00000
1328 0.00000
1329 0.00000
1330 0.00000
1331 0.00000
1332 0.00000
1333 0.00000
1334 0.00000
1335 0.00000
1336 0.00000
1337 0.00000
1338 0.00000
1339 0.00000
1340 0.00000
1341 0.00000
1342 0.00000
1343 0.00000
1344 0.00000
1345 0.00000
1346 0.00000
1347 0.00000
1348 0.00000
1349 0.00000
1350 0.00000
1351 0.00000
1352 0.00000
1353 0.00000
1354 0.00000
1355 0.00000
1356 0.00000
1357 0.00000
1358 0.00000
1359 0.00000
1360 0.00000
1361 0.00000
1362 0.00000
1363 0.00000
1364 0.00000
1365 0.00000
1366 0.00000
1367 0.00000
1368 0.00000
1369 0.00000
1370 0.00000
1371 0.00000
1372 0.00000
1373 0.00000
1374 0.00000
1375 0.00000
1376 0.00000
1377 0.00000
1378 0.00000
1379 0.00000
1380 0.00000
1381 0.00000
1382 0.00000
1383 0.00000
1384 0.00000
1385 0.00000
1386 0.00000
1387 0.00000
1388 0.00000
1389 0.00000
1390 0.00000
1391 0.00050
1392 0.00000
1393 0.00000
1394 0.00000
1395 0.00050
1396 0.00000
1397 0.00000
1398 0.00050
1399 0.00000
1400 0.00000
1401 0.00050
1402 0.00000
1403 0.00000
1404 0.00000
1405 0.00000
1406 0.00000
1407 0.00100
1408 0.00050
1409 0.00100
1410 0.00100
1411 0.00000
1412 0.00050
1413 0.00050
1414 0.00050
1415 0.00100
1416 0.00150
1417 0.00000
1418 0.00050
1419 0.00000
1420 0.00200
1421 0.00100
1422 0.00100
1423 0.00050
1424 0.00050
1425 0.00100
1426 0.00200
1427 0.00150
1428 0.00050
1429 0.00150
1430 0.00100
1431 0.00300
1432 0.00200
1433 0.00350
1434 0.00650
1435 0.00400
1436 0.00500
1437 0.00400
1438 0.00450
1439 0.00200
1440 0.00450
1441 0.00800
1442 0.00450
1443 0.00900
1444 0.00750
1445 0.00950
1446 0.00750
1447 0.00700
1448 0.00950
1449 0.00950
1450 0.01100
1451 0.01100
1452 0.01200
1453 0.01150
1454 0.00950
1455 0.01400
1456 0.01550
1457 0.01250
1458 0.01700
1459 0.01450
1460 0.02250
1461 0.02100
1462 0.01600
1463 0.02350
1464 0.01800
1465 0.02150
1466 0.02250
1467 0.02550
1468 0.03050
1469 0.02700
1470 0.02700
1471 0.02800
1472 0.03900
1473 0.03000
1474 0.02600
1475 0.02950
1476 0.03650
1477 0.04050
1478 0.03900
1479 0.04550
1480 0.04000
1481 0.03850
1482 0.04600
1483 0.04350
1484 0.05500
1485 0.04700
1486 0.05650
1487 0.04900
1488 0.06350
1489 0.05550
1490 0.06200
1491 0.06150
1492 0.06600
1493 0.05450
1494 0.06850
1495 0.06450
1496 0.08400
1497 0.08500
1498 0.07050
1499 0.06900
1500 0.07500
1501 0.07100
1502 0.07650
1503 0.08050
1504 0.08800
1505 0.08100
1506 0.08450
1507 0.09650
1508 0.09850
1509 0.09800
1510 0.09950
1511 0.10000
1512 0.10000
1513 0.10100
1514 0.10250
1515 0.10050
1516 0.10450
1517 0.09750
1518 0.11250
1519 0.11100
1520 0.11550
1521 0.11900
1522 0.12050
1523 0.11400
1524 0.12500
1525 0.12950
1526 0.12600
1527 0.11300
1528 0.12200
1529 0.11650
1530 0.12700
1531 0.11100
1532 0.11600
1533 0.12250
1534 0.12550
1535 0.12100
1536 0.13500
1537 0.13450
1538 0.12800
1539 0.12200
1540 0.12700
1541 0.11900
1542 0.11400
1543 0.11800
1544 0.11850
1545 0.12350
1546 0.12350
1547 0.12750
1548 0.12450
1549 0.12100
1550 0.11150
1551 0.11700
1552 0.10500
1553 0.11450
1554 0.11750
1555 0.11300
1556 0.10500
1557 0.10800
1558 0.10750
1559 0.10050
1560 0.09700
1561 0.09700
1562 0.09500
1563 0.10500
1564 0.09950
1565 0.10550
1566 0.09950
1567 0.09450
1568 0.09550
1569 0.07650
1570 0.08300
1571 0.07500
1572 0.08050
1573 0.07050
1574 0.07450
1575 0.07300
1576 0.06800
1577 0.06700
1578 0.06650
1579 0.07200
1580 0.05650
1581 0.06250
1582 0.05550
1583 0.05000
1584 0.05800
1585 0.04950
1586 0.05300
1587 0.05550
1588 0.05500
1589 0.05000
1590 0.05750
1591 0.04700
1592 0.04500
1593 0.04500
1594 0.04250
1595 0.03850
1596 0.03700
1597 0.03800
1598 0.03600
1599 0.03600
1600 0.03100
1601 0.03950
1602 0.03400
1603 0.03200
1604 0.03750
1605 0.02600
1606 0.02850
1607 0.02650
1608 0.02050
1609 0.02700
1610 0.02000
1611 0.02000
1612 0.01800
1613 0.01850
1614 0.01600
1615 0.01850
1616 0.01350
1617 0.01150
1618 0.01100
1619 0.00950
1620 0.01400
1621 0.01200
1622 0.01350
1623 0.00850
1624 0.01050
1625 0.01250
1626 0.01650
1627 0.00650
1628 0.00850
1629 0.01250
1630 0.00650
1631 0.00850
1632 0.00700
1633 0.00500
1634 0.00750
1635 0.00500
1636 0.00650
1637 0.00450
1638 0.00700
1639 0.00300
1640 0.00250
1641 0.00400
1642 0.00500
1643 0.00250
1644 0.00200
1645 0.00350
1646 0.00300
1647 0.00250
1648 0.00100
1649 0.00200
1650 0.00150
1651 0.00150
1652 0.00200
1653 0.00000
1654 0.00100
1655 0.00450
1656 0.00100
1657 0.00000
1658 0.00050
1659 0.00100
1660 0.00050
1661 0.00100
1662 0.00050
1663 0.00100
1664 0.00050
1665 0.00050
1666 0.00100
1667 0.00050
1668 0.00000
1669 0.00200
1670 0.00000
1671 0.00000
1672 0.00050
1673 0.00050
1674 0.00050
1675 0.00000
1676 0.00000
1677 0.00100
1678 0.00050
1679 0.00050
1680 0.00000
1681 0.00000
1682 0.00050
1683 0.00000
1684 0.00000
1685 0.00000
1686 0.00000
1687 0.00000
1688 0.00000
1689 0.00000
1690 0.00000
1691 0.00000
1692 0.00000
1693 0.00000
1694 0.00000
1695 0.00000
1696 0.00000
1697 0.00000
1698 0.00000
1699 0.00000
1700 0.00000
1701 0.00000
1702 0.00000
1703 0.00000
1704 0.00000
1705 0.00000
1706 0.00000
1707 0.00050
1708 0.00000
1709 0.00000
1710 0.00000
1711 0.00000
1712 0.00000
1713 0.00050
1714 0.00000
1715 0.00000
1716 0.00000
1717 0.00000
1718 0.00000
1719 0.00000
1720 0.00000
1721 0.00000
1722 0.00000
1723 0.00000
1724 0.00000
1725 0.00000
1726 0.00000
1727 0.00000
1728 0.00000
1729 0.00000
1730 0.00000
1731 0.00000
1732 0.00000
1733 0.00000
1734 0.00000
1735 0.00000
1736 0.00000
1737 0.00000
1738 0.00000
1739 0.00000
1740 0.00000
1741 0.00000
1742 0.00000
1743 0.00000
1744 0.00000
1745 0.00000
1746 0.00000
1747 0.00000
1748 0.00000
1749 0.00000
1750 0.00000
1751 0.00000
1752 0.00000
1753 0.00000
1754 0.00000
1755 0.00000
1756 0.00000
1757 0.00000
1758 0.00000
1759 0.00000
1760 0.00000
1761 0.00000
1762 0.00000
1763 0.00000
1764 0.00000
1765 0.00000
1766 0.00000
1767 0.00000
1768 0.00000
1769 0.00000
1770 0.00000
1771 0.00000
1772 0.00000
1773 0.00000
1774 0.00000
1775 0.00000
1776 0.00000
1777 0.00000
1778 0.00000
1779 0.00000
1780 0.00000
1781 0.00000
1782 0.00000
1783 0.00000
1784 0.00000
1785 0.00000
1786 0.00000
1787 0.00000
1788 0.00000
1789 0.00000
1790 0.00000
1791 0.00000
1792 0.00000
1793 0.00000
1794 0.00000
1795 0.00000
1796 0.00000
1797 0.00000
1798 0.00000
1799 0.00000
1800 0.00000
1801 0.00000
1802 0.00000
1803 0.00000
1804 0.00000
1805 0.00000
1806 0.00000
1807 0.00000
1808 0.00000
1809 0.00000
1810 0.00000
1811 0.00000
1812 0.00000
1813 0.00000
1814 0.00000
1815 0.00000
1816 0.00000
1817 0.00000
1818 0.00000
1819 0.00000
1820 0.00000
1821 0.00000
1822 0.00000
1823 0.00000
1824 0.00000
1825 0.00000
1826 0.00000
1827 0.00000
1828 0.00000
1829 0.00000
1830 0.00000
1831 0.00000
1832 0.00000
1833 0.00000
1834 0.00000
1835 0.00000
1836 0.00000
1837 0.00000
1838 0.00000
1839 0.00000
1840 0.00000
1841 0.00000
1842 0.00000
1843 0.00000
1844 0.00000
1845 0.00000
1846 0.00000
1847 0.00000
1848 0.00000
1849 0.00000
1850 0.00000
1851 0.00000
1852 0.00000
1853 0.00000
1854 0.00000
1855 0.00000
1856 0.00000
1857 0.00000
1858 0.00000
1859 0.00000
1860 0.00000
1861 0.00000
1862 0.00000
1863 0.00000
1864 0.00000
1865 0.00000
1866 0.00000
1867 0.00000
1868 0.00000
1869 0.00000
1870 0.00000
1871 0.00000
1872 0.00000
1873 0.00000
1874 0.00000
1875 0.00000
1876 0.00000
1877 0.00000
1878 0.00000
1879 0.00000
1880 0.00000
1881 0.00000
1882 0.00000
1883 0.00000
1884 0.00000
1885 0.00000
1886 0.00000
1887 0.00000
1888 0.00000
1889 0.00000
1890 0.00000
1891 0.00000
1892 0.00000
1893 0.00000
1894 0.00000
1895 0.00000
1896 0.00000
1897 0.00000
1898 0.00000
1899 0.00000
1900 0.00000
1901 0.00000
1902 0.00000
1903 0.00000
1904 0.00000
1905 0.00000
1906 0.00000
1907 0.00000
1908 0.00000
1909 0.00000
1910 0.00000
1911 0.00000
1912 0.00000
1913 0.00000
1914 0.00000
1915 0.00000
1916 0.00000
1917 0.00000
1918 0.00000
1919 0.00000
1920 0.00000
1921 0.00000
1922 0.00000
1923 0.00000
1924 0.00000
1925 0.00000
1926 0.00000
1927 0.00000
1928 0.00000
1929 0.00000
1930 0.00000
1931 0.00000
1932 0.00000
1933 0.00000
1934 0.00000
1935 0.00000
1936 0.00000
1937 0.00000
1938 0.00000
1939 0.00000
1940 0.00000
1941 0.00000
1942 0.00000
1943 0.00000
1944 0.00000
1945 0.00000
1946 0.00000
1947 0.00000
1948 0.00000
1949 0.00000
1950 0.00000
1951 0.00000
1952 0.00000
1953 0.00000
1954 0.00000
1955 0.00000
1956 0.00000
1957 0.00000
1958 0.00000
1959 0.00000
1960 0.00000
1961 0.00000
1962 0.00000
1963 0.00000
1964 0.00000
1965 0.00000
1966 0.00000
1967 0.00000
1968 0.00000
1969 0.00000
1970 0.00000
1971 0.00000
1972 0.00000
1973 0.00000
1974 0.00000
1975 0.00000
1976 0.00000
1977 0.00000
1978 0.00000
1979 0.00000
1980 0.00000
1981 0.00000
1982 0.00000
1983 0.00000
1984 0.00000
1985 0.00000
1986 0.00000
1987 0.00000
1988 0.00000
1989 0.00000
1990 0.00000
1991 0.00000
1992 0.00000
1993 0.00000
1994 0.00000
1995 0.00000
1996 0.00000
1997 0.00000
1998 0.00000
1999 0.00000
2000 0.00000
2001 0.00000
2002 0.00000
2003 0.00000
2004 0.00000
2005 0.00000
2006 0.00000
2007 0.00000
2008 0.00000
2009 0.00000
2010 0.00000
2011 0.00000
2012 0.00000
2013 0.00000
2014 0.00000
2015 0.00000
2016 0.00000
2017 0.00000
2018 0.00000
2019 0.00000
2020 0.00000
2021 0.00000
2022 0.00000
2023 0.00000
2024 0.00000
2025 0.00000
2026 0.00000
2027 0.00000
2028 0.00000
2029 0.00000
2030 0.00000
2031 0.00000
2032 0.00000
2033 0.00000
2034 0.00000
2035 0.00000
2036 0.00000
2037 0.00000
2038 0.00000
2039 0.00000
2040 0.00000
2041 0.00000
2042 0.00000
2043 0.00000
2044 0.00000
2045 0.00000
2046 0.00000
2047 0.00000
2048 0.00000
2049 0.00000
2050 0.00000
2051 0.00000
2052 0.00000
2053 0.00000
2054 0.00000
2055 0.00000
2056 0.00000
2057 0.00000
2058 0.00000
2059 0.00000
2060 0.00000
2061 0.00000
2062 0.00000
2063 0.00000
2064 0.00000
2065 0.00000
2066 0.00000
2067 0.00000
2068 0.00000
2069 0.00000
2070 0.00000
2071 0.00000
2072 0.00000
2073 0.00000
2074 0.00000
2075 0.00000
2076 0.00000
2077 0.00000
2078 0.00000
2079 0.00000
2080 0.00000
2081 0.00000
2082 0.00000
2083 0.00000
2084 0.00000
2085 0.00000
2086 0.00000
2087 0.00000
2088 0.00000
2089 0.00000
2090 0.00000
2091 0.00000
2092 0.00000
2093 0.00000
2094 0.00000
2095 0.00000
2096 0.00000
2097 0.00000
2098 0.00000
2099 0.00000
2100 0.00000
2101 0.00000
2102 0.00000
2103 0.00000
2104 0.00000
2105 0.00000
2106 0.00000
2107 0.00000
2108 0.00000
2109 0.00000
2110 0.00000
2111 0.00000
2112 0.00000
2113 0.00000
2114 0.00000
2115 0.00000
2116 0.00000
2117 0.00000
2118 0.00000
2119 0.00000
2120 0.00000
2121 0.00000
2122 0.00000
2123 0.00000
2124 0.00000
2125 0.00000
2126 0.00000
2127 0.00000
2128 0.00000
2129 0.00000
2130 0.00000
2131 0.00000
2132 0.00000
2133 0.00000
2134 0.00000
2135 0.00000
2136 0.00000
2137 0.00000
2138 0.00000
2139 0.00000
2140 0.00000
2141 0.00000
2142 0.00000
2143 0.00000
2144 0.00000
2145 0.00000
2146 0.00000
2147 0.00000
2148 0.00000
2149 0.00000
2150 0.00000
2151 0.00000
2152 0.00000
2153 0.00000
2154 0.00000
2155 0.00000
2156 0.00000
2157 0.00000
2158 0.00000
2159 0.00000
2160 0.00000
2161 0.00000
2162 0.00000
2163 0.00000
2164 0.00000
2165 0.00000
2166 0.00000
2167 0.00000
2168 0.00000
2169 0.00000
2170 0.00000
2171 0.00000
2172 0.00000
2173 0.00000
2174 0.00000
2175 0.00000
2176 0.00000
2177 0.00000
2178 0.00000
2179 0.00000
2180 0.00000
2181 0.00000
2182 0.00000
2183 0.00000
2184 0.00000
2185 0.00000
2186 0.00000
2187 0.00000
2188 0.00000
2189 0.00000
2190 0.00000
2191 0.00000
2192 0.00000
2193 0.00000
2194 0.00000
2195 0.00000
2196 0.00000
2197 0.00000
2198 0.00000
2199 0.00000
2200 0.00000
2201 0.00000
2202 0.00000
2203 0.00000
2204 0.00000
2205 0.00000
2206 0.00000
2207 0.00000
2208 0.00000
2209 0.00000
2210 0.00000
2211 0.00000
2212 0.00000
2213 0.00000
2214 0.00000
2215 0.00000
2216 0.00000
2217 0.00000
2218 0.00000
2219 0.00000
2220 0.00000
2221 0.00000
2222 0.00000
2223 0.00000
2224 0.00000
2225 0.00000
2226 0.00000
2227 0.00000
2228 0.00000
2229 0.00000
2230 0.00000
2231 0.00000
2232 0.00000
2233 0.00000
2234 0.00000
2235 0.00000
2236 0.00000
2237 0.00000
2238 0.00000
2239 0.00000
2240 0.00000
2241 0.00000
2242 0.00000
2243 0.00000
2244 0.00000
2245 0.00000
2246 0.00000
2247 0.00000
2248 0.00000
2249 0.00000
2250 0.00000
2251 0.00000
2252 0.00000
2253 0.00000
2254 0.00000
2255 0.00000
2256 0.00000
2257 0.00000
2258 0.00000
2259 0.00000
2260 0.00000
2261 0.00000
2262 0.00000
2263 0.00000
2264 0.00000
2265 0.00000
2266 0.00000
2267 0.00000
2268 0.00000
2269 0.00000
2270 0.00000
2271 0.00000
2272 0.00000
2273 0.00000
2274 0.00000
2275 0.00000
2276 0.00000
2277 0.00000
2278 0.00000
2279 0.00000
2280 0.00000
2281 0.00000
2282 0.00000
2283 0.00000
2284 0.00000
2285 0.00000
2286 0.00000
2287 0.00000
2288 0.00000
2289 0.00000
2290 0.00000
2291 0.00000
2292 0.00000
2293 0.00000
2294 0.00000
2295 0.00000
2296 0.00000
2297 0.00000
2298 0.00000
2299 0.00000
2300 0.00000
2301 0.00000
2302 0.00000
2303 0.00000
2304 0.00000
2305 0.00000
2306 0.00000
2307 0.00000
2308 0.00000
2309 0.00000
2310 0.00000
2311 0.00000
2312 0.00000
2313 0.00000
2314 0.00000
2315 0.00000
2316 0.00000
2317 0.00000
2318 0.00000
2319 0.00000
2320 0.00000
2321 0.00000
2322 0.00000
2323 0.00000
2324 0.00000
2325 0.00000
2326 0.00000
2327 0.00000
2328 0.00000
2329 0.00000
2330 0.00000
2331 0.00000
2332 0.00000
2333 0.00000
2334 0.00000
2335 0.00000
2336 0.00000
2337 0.00000
2338 0.00000
2339 0.00000
2340 0.00000
2341 0.00000
2342 0.00000
2343 0.00000
2344 0.00000
2345 0.00000
2346 0.00000
2347 0.00000
2348 0.00000
2349 0.00000
2350 0.00000
2351 0.00000
2352 0.00000
2353 0.00000
2354 0.00000
2355 0.00000
2356 0.00000
2357 0.00000
2358 0.00000
2359 0.00000
2360 0.00000
2361 0.00000
2362 0.00000
2363 0.00000
2364 0.00000
2365 0.00000
2366 0.00000
2367 0.00000
2368 0.00000
2369 0.00000
2370 0.00000
2371 0.00000
2372 0.00000
2373 0.00000
2374 0.00000
2375 0.00000
2376 0.00000
2377 0.00000
2378 0.00000
2379 0.00000
2380 0.00000
2381 0.00000
2382 0.00000
2383 0.00000
2384 0.00000
2385 0.00000
2386 0.00000
2387 0.00000
2388 0.00000
2389 0.00000
2390 0.00000
2391 0.00000
2392 0.00000
2393 0.00000
2394 0.00000
2395 0.00000
2396 0.00000
2397 0.00000
2398 0.00000
2399 0.00000
2400 0.00000
2401 0.00000
2402 0.00000
2403 0.00000
2404 0.00000
2405 0.00000
2406 0.00000
2407 0.00000
2408 0.00000
2409 0.00000
2410 0.00000
2411 0.00000
2412 0.00000
2413 0.00000
2414 0.00000
2415 0.00000
2416 0.00000
2417 0.00000
2418 0.00000
2419 0.00000
2420 0.00000
2421 0.00000
2422 0.00000
2423 0.00000
2424 0.00000
2425 0.00000
2426 0.00000
2427 0.00000
2428 0.00000
2429 0.00000
2430 0.00000
2431 0.00000
2432 0.00000
2433 0.00000
2434 0.00000
2435 0.00000
2436 0.00000
2437 0.00000
2438 0.00000
2439 0.00000
2440 0.00000
2441 0.00000
2442 0.00000
2443 0.00000
2444 0.00000
2445 0.00000
2446 0.00000
2447 0.00000
2448 0.00000
2449 0.00000
2450 0.00000
2451 0.00000
2452 0.00000
2453 0.00000
2454 0.00000
2455 0.00000
2456 0.00000
2457 0.00000
2458 0.00000
2459 0.00000
2460 0.00000
2461 0.00000
2462 0.00000
2463 0.00000
2464 0.00000
2465 0.00000
2466 0.00000
2467 0.00000
2468 0.00000
2469 0.00000
2470 0.00000
2471 0.00000
2472 0.00000
2473 0.00000
2474 0.00000
2475 0.00000
2476 0.00000
2477 0.00000
2478 0.00000
2479 0.00000
2480 0.00000
2481 0.00000
2482 0.00000
2483 0.00000
2484 0.00000
2485 0.00000
2486 0.00000
2487 0.00000
2488 0.00000
2489 0.00000
2490 0.00000
2491 0.00000
2492 0.00000
2493 0.00000
2494 0.00000
2495 0.00000
2496 0.00000
2497 0.00000
2498 0.00000
2499 0.00000
2500 0.00000
2501 0.00000
2502 0.00000
2503 0.00000
2504 0.00000
2505 0.00000
2506 0.00000
2507 0.00000
2508 0.00000
2509 0.00000
2510 0.00000
2511 0.00000
2512 0.00000
2513 0.00000
2514 0.00000
2515 0.00000
2516 0.00000
2517 0.00000
2518 0.00000
2519 0.00000
2520 0.00000
2521 0.00000
2522 0.00000
2523 0.00000
2524 0.00000
2525 0.00000
2526 0.00000
2527 0.00000
2528 0.00000
2529 0.00000
2530 0.00000
2531 0.00000
2532 0.00000
2533 0.00000
2534 0.00000
2535 0.00000
2536 0.00000
2537 0.00000
2538 0.00000
2539 0.00000
2540 0.00000
2541 0.00000
2542 0.00000
2543 0.00000
2544 0.00000
2545 0.00000
2546 0.00000
2547 0.00000
2548 0.00000
2549 0.00000
2550 0.00000
2551 0.00000
2552 0.00000
2553 0.00000
2554 0.00000
2555 0.00000
2556 0.00000
2557 0.00000
2558 0.00000
2559 0.00000
2560 0.00000
2561 0.00000
2562 0.00000
2563 0.00000
2564 0.00000
2565 0.00000
2566 0.00000
2567 0.00000
2568 0.00000
2569 0.00000
2570 0.00000
2571 0.00000
2572 0.00000
2573 0.00000
2574 0.00000
2575 0.00000
2576 0.00000
2577 0.00000
2578 0.00000
2579 0.00000
2580 0.00000
2581 0.00000
2582 0.00000
2583 0.00000
2584 0.00000
2585 0.00000
2586 0.00000
2587 0.00000
2588 0.00000
2589 0.00000
2590 0.00000
2591 0.00000
2592 0.00000
2593 0.00000
2594 0.00000
2595 0.00000
2596 0.00000
2597 0.00000
2598 0.00000
2599 0.00000
2600 0.00000
2601 0.00000
2602 0.00000
2603 0.00000
2604 0.00000
2605 0.00000
2606 0.00000
2607 0.00000
2608 0.00000
2609 0.00000
2610 0.00000
2611 0.00000
2612 0.00000
2613 0.00000
2614 0.00000
2615 0.00000
2616 0.00000
2617 0.00000
2618 0.00000
2619 0.00000
2620 0.00000
2621 0.00000
2622 0.00000
2623 0.00000
2624 0.00000
2625 0.00000
2626 0.00000
2627 0.00000
2628 0.00000
2629 0.00000
2630 0.00000
2631 0.00000
2632 0.00000
2633 0.00000
2634 0.00000
2635 0.00000
2636 0.00000
2637 0.00000
2638 0.00000
2639 0.00000
2640 0.00000
2641 0.00000
2642 0.00000
2643 0.00000
2644 0.00000
2645 0.00000
2646 0.00000
2647 0.00000
2648 0.00000
2649 0.00000
2650 0.00000
2651 0.00000
2652 0.00000
2653 0.00000
2654 0.00000
2655 0.00000
2656 0.00000
2657 0.00000
2658 0.00000
2659 0.00000
2660 0.00000
2661 0.00000
2662 0.00000
2663 0.00000
2664 0.00000
2665 0.00000
2666 0.00000
2667 0.00000
2668 0.00000
2669 0.00000
2670 0.00000
2671 0.00000
2672 0.00000
2673 0.00000
2674 0.00000
2675 0.00000
2676 0.00000
2677 0.00000
2678 0.00000
2679 0.00000
2680 0.00000
2681 0.00000
2682 0.00000
2683 0.00000
2684 0.00000
2685 0.00000
2686 0.00000
2687 0.00000
2688 0.00000
2689 0.00000
2690 0.00000
2691 0.00000
2692 0.00000
2693 0.00000
2694 0.00000
2695 0.00000
2696 0.00000
2697 0.00000
2698 0.00000
2699 0.00000
2700 0.00000
2701 0.00000
2702 0.00000
2703 0.00000
2704 0.00000
2705 0.00000
2706 0.00000
2707 0.00000
2708 0.00000
2709 0.00000
2710 0.00000
2711 0.00000
2712 0.00000
2713 0.00000
2714 0.00000
2715 0.00000
2716 0.00000
2717 0.00000
2718 0.00000
2719 0.00000
2720 0.00000
2721 0.00000
2722 0.00000
2723 0.00000
2724 0.00000
2725 0.00000
2726 0.00000
2727 0.00000
2728 0.00000
2729 0.00000
2730 0.00000
2731 0.00000
2732 0.00000
2733 0.00000
2734 0.00000
2735 0.00000
2736 0.00000
2737 0.00000
2738 0.00000
2739 0.00000
2740 0.00000
2741 0.00000
2742 0.00000
2743 0.00000
2744 0.00000
2745 0.00000
2746 0.00000
2747 0.00000
2748 0.00000
2749 0.00000
2750 0.00000
2751 0.00000
2752 0.00000
2753 0.00000
2754 0.00000
2755 0.00000
2756 0.00000
2757 0.00000
2758 0.00000
2759 0.00000
2760 0.00000
2761 0.00000
2762 0.00000
2763 0.00000
2764 0.00000
2765 0.00000
2766 0.00000
2767 0.00000
2768 0.00000
2769 0.00000
2770 0.00000
2771 0.00000
2772 0.00000
2773 0.00000
2774 0.00000
2775 0.00000
2776 0.00000
2777 0.00000
2778 0.00000
2779 0.00000
2780 0.00000
2781 0.00000
2782 0.00000
2783 0.00000
2784 0.00000
2785 0.00000
2786 0.00000
2787 0.00000
2788 0.00000
2789 0.00000
2790 0.00000
2791 0.00000
2792 0.00000
2793 0.00000
2794 0.00000
2795 0.00000
2796 0.00000
2797 0.00000
2798 0.00000
2799 0.00000
2800 0.00000
2801 0.00000
2802 0.00000
2803 0.00000
2804 0.00000
2805 0.00000
2806 0.00000
2807 0.00000
2808 0.00000
2809 0.00000
2810 0.00000
2811 0.00000
2812 0.00000
2813 0.00000
2814 0.00000
2815 0.00000
2816 0.00000
2817 0.00000
2818 0.00000
2819 0.00000
2820 0.00000
2821 0.00000
2822 0.00000
2823 0.00000
2824 0.00000
2825 0.00000
2826 0.00000
2827 0.00000
2828 0.00000
2829 0.00000
2830 0.00000
2831 0.00000
2832 0.00000
2833 0.00000
2834 0.00000
2835 0.00000
2836 0.00000
2837 0.00000
2838 0.00000
2839 0.00000
2840 0.00000
2841 0.00000
2842 0.00000
2843 0.00000
2844 0.00000
2845 0.00000
2846 0.00000
2847 0.00000
2848 0.00000
2849 0.00000
2850 0.00000
2851 0.00000
2852 0.00000
2853 0.00000
2854 0.00000
2855 0.00000
2856 0.00000
2857 0.00000
2858 0.00000
2859 0.00000
2860 0.00000
2861 0.00000
2862 0.00000
2863 0.00000
2864 0.00000
2865 0.00000
2866 0.00000
2867 0.00000
2868 0.00000
2869 0.00000
2870 0.00000
2871 0.00000
2872 0.00000
2873 0.00000
2874 0.00000
2875 0.00000
2876 0.00000
2877 0.00000
2878 0.00000
2879 0.00000
2880 0.00000
2881 0.00000
2882 0.00000
2883 0.00000
2884 0.00000
2885 0.00000
2886 0.00000
2887 0.00000
2888 0.00000
2889 0.00000
2890 0.00000
2891 0.00000
2892 0.00000
2893 0.00000
2894 0.00000
2895 0.00000
2896 0.00000
2897 0.00000
2898 0.00000
2899 0.00000
2900 0.00000
2901 0.00000
2902 0.00000
2903 0.00000
2904 0.00000
2905 0.00000
2906 0.00000
2907 0.00000
2908 0.00000
2909 0.00000
2910 0.00000
2911 0.00000
2912 0.00000
2913 0.00000
2914 0.00000
2915 0.00000
2916 0.00000
2917 0.00000
2918 0.00000
2919 0.00000
2920 0.00000
2921 0.00000
2922 0.00000
2923 0.00000
2924 0.00000
2925 0.00000
2926 0.00000
2927 0.00000
2928 0.00000
2929 0.00000
2930 0.00000
2931 0.00000
2932 0.00000
2933 0.00000
2934 0.00000
2935 0.00000
2936 0.00000
2937 0.00000
2938 0.00000
2939 0.00000
2940 0.00000
2941 0.00000
2942 0.00000
2943 0.00000
2944 0.00000
2945 0.00000
2946 0.00000
2947 0.00000
2948 0.00000
2949 0.00000
2950 0.00000
2951 0.00000
2952 0.00000
2953 0.00000
2954 0.00000
2955 0.00000
2956 0.00000
2957 0.00000
2958 0.00000
2959 0.00000
2960 0.00000
2961 0.00000
2962 0.00000
2963 0.00000
2964 0.00000
2965 0.00000
2966 0.00000
2967 0.00000
2968 0.00000
2969 0.00000
2970 0.00000
2971 0.00000
2972 0.00000
2973 0.00000
2974 0.00000
2975 0.00000
2976 0.00000
2977 0.00000
2978 0.00000
2979 0.00000
2980 0.00000
2981 0.00000
2982 0.00000
2983 0.00000
2984 0.00000
2985 0.00000
2986 0.00000
2987 0.00000
2988 0.00000
2989 0.00000
2990 0.00000
2991 0.00000
2992 0.00000
2993 0.00000
2994 0.00000
2995 0.00000
2996 0.00000
2997 0.00000
2998 0.00000
2999 0.00000
3000 0.00000
3001 0.00000
3002 0.00000
3003 0.00000
3004 0.00000
3005 0.00000
3006 0.00000
3007 0.00000
3008 0.00000
3009 0.00000
3010 0.00000
3011 0.00000
3012 0.00000
3013 0.00000
3014 0.00000
3015 0.00000
3016 0.00000
3017 0.00000
3018 0.00000
3019 0.00000
3020 0.00000
3021 0.00000
3022 0.00000
3023 0.00000
3024 0.00000
3025 0.00000
3026 0.00000
3027 0.00000
3028 0.00000
3029 0.00000
3030 0.00000
3031 0.00000
3032 0.00000
3033 0.00000
3034 0.00000
3035 0.00000
3036 0.00000
3037 0.00000
3038 0.00000
3039 0.00000
3040 0.00000
3041 0.00000
3042 0.00000
3043 0.00000
3044 0.00000
3045 0.00000
3046 0.00000
3047 0.00000
3048 0.00000
3049 0.00000
3050 0.00000
3051 0.00000
3052 0.00000
3053 0.00000
3054 0.00000
3055 0.00000
3056 0.00000
3057 0.00000
3058 0.00000
3059 0.00000
3060 0.00000
3061 0.00000
3062 0.00000
3063 0.00000
3064 0.00000
3065 0.00000
3066 0.00000
3067 0.00000
3068 0.00000
3069 0.00000
3070 0.00000
3071 0.00000
3072 0.00000
3073 0.00000
3074 0.00000
3075 0.00000
3076 0.00000
3077 0.00000
3078 0.00000
3079 0.00000
3080 0.00000
3081 0.00000
3082 0.00000
3083 0.00000
3084 0.00000
3085 0.00000
3086 0.00000
3087 0.00000
3088 0.00000
3089 0.00000
3090 0.00000
3091 0.00000
3092 0.00000
3093 0.00000
3094 0.00000
3095 0.00000
3096 0.00000
3097 0.00000
3098 0.00000
3099 0.00000
3100 0.00000
3101 0.00000
3102 0.00000
3103 0.00000
3104 0.00000
3105 0.00000
3106 0.00000
3107 0.00000
3108 0.00000
3109 0.00000
3110 0.00000
3111 0.00000
3112 0.00000
3113 0.00000
3114 0.00000
3115 0.00000
3116 0.00000
3117 0.00000
3118 0.00000
3119 0.00000
3120 0.00000
3121 0.00000
3122 0.00000
3123 0.00000
3124 0.00000
3125 0.00000
3126 0.00000
3127 0.00000
3128 0.00000
3129 0.00000
3130 0.00000
3131 0.00000
3132 0.00000
3133 0.00000
3134 0.00000
3135 0.00000
3136 0.00000
3137 0.00000
3138 0.00000
3139 0.00000
3140 0.00000
3141 0.00000
3142 0.00000
3143 0.00000
3144 0.00000
3145 0.00000
3146 0.00000
3147 0.00000
3148 0.00000
3149 0.00000
3150 0.00000
3151 0.00000
3152 0.00000
3153 0.00000
3154 0.00000
3155 0.00000
3156 0.00000
3157 0.00000
3158 0.00000
3159 0.00000
3160 0.00000
3161 0.00000
3162 0.00000
3163 0.00000
3164 0.00000
3165 0.00000
3166 0.00000
3167 0.00000
3168 0.00000
3169 0.00000
3170 0.00000
3171 0.00000
3172 0.00000
3173 0.00000
3174 0.00000
3175 0.00000
3176 0.00000
3177 0.00000
3178 0.00000
3179 0.00000
3180 0.00000
3181 0.00000
3182 0.00000
3183 0.00000
3184 0.00000
3185 0.00000
3186 0.00000
3187 0.00000
3188 0.00000
3189 0.00000
3190 0.00000
3191 0.00000
3192 0.00000
3193 0.00000
3194 0.00000
3195 0.00000
3196 0.00000
3197 0.00000
3198 0.00000
3199 0.00000
3200 0.00000
3201 0.00000
3202 0.00000
3203 0.00000
3204 0.00000
3205 0.00000
3206 0.00000
3207 0.00000
3208 0.00000
3209 0.00000
3210 0.00000
3211 0.00000
3212 0.00000
3213 0.00000
3214 0.00000
3215 0.00000
3216 0.00000
3217 0.00000
3218 0.00000
3219 0.00000
3220 0.00000
3221 0.00000
3222 0.00000
3223 0.00000
3224 0.00000
3225 0.00000
3226 0.00000
3227 0.00000
3228 0.00000
3229 0.00000
3230 0.00000
3231 0.00000
3232 0.00000
3233 0.00000
3234 0.00000
3235 0.00000
3236 0.00000
3237 0.00000
3238 0.00000
3239 0.00000
3240 0.00000
3241 0.00000
3242 0.00000
3243 0.00000
3244 0.00000
3245 0.00000
3246 0.00000
3247 0.00000
3248 0.00000
3249 0.00000
3250 0.00000
3251 0.00000
3252 0.00000
3253 0.00000
3254 0.00000
3255 0.00000
3256 0.00000
3257 0.00000
3258 0.00000
3259 0.00000
3260 0.00000
3261 0.00000
3262 0.00000
3263 0.00000
3264 0.00000
3265 0.00000
3266 0.00000
3267 0.00000
3268 0.00000
3269 0.00000
3270 0.00000
3271 0.00000
3272 0.00000
3273 0.00000
3274 0.00000
3275 0.00000
3276 0.00000
3277 0.00000
3278 0.00000
3279 0.00000
3280 0.00000
3281 0.00000
3282 0.00000
3283 0.00000
3284 0.00000
3285 0.00000
3286 0.00000
3287 0.00000
3288 0.00000
3289 0.00000
3290 0.00000
3291 0.00000
3292 0.00000
3293 0.00000
3294 0.00000
3295 0.00000
3296 0.00000
3297 0.00000
3298 0.00000
3299 0.00000
3300 0.00000
3301 0.00000
3302 0.00000
3303 0.00000
3304 0.00000
3305 0.00000
3306 0.00000
3307 0.00000
3308 0.00000
3309 0.00000
3310 0.00000
3311 0.00000
3312 0.00000
3313 0.00000
3314 0.00000
3315 0.00000
3316 0.00000
3317 0.00000
3318 0.00000
3319 0.00000
3320 0.00000
3321 0.00000
3322 0.00000
3323 0.00000
3324 0.00000
3325 0.00000
3326 0.00000
3327 0.00000
3328 0.00000
3329 0.00000
3330 0.00000
3331 0.00000
3332 0.00000
3333 0.00000
3334 0.00000
3335 0.00000
3336 0.00000
3337 0.00000
3338 0.00000
3339 0.00000
3340 0.00000
3341 0.00000
3342 0.00000
3343 0.00000
3344 0.00000
3345 0.00000
3346 0.00000
3347 0.00000
3348 0.00000
3349 0.00000
3350 0.00000
3351 0.00000
3352 0.00000
3353 0.00000
3354 0.00000
3355 0.00000
3356 0.00000
3357 0.00000
3358 0.00000
3359 0.00000
3360 0.00000
3361 0.00000
3362 0.00000
3363 0.00000
3364 0.00000
3365 0.00000
3366 0.00000
3367 0.00000
3368 0.00000
3369 0.00000
3370 0.00000
3371 0.00000
3372 0.00000
3373 0.00000
3374 0.00000
3375 0.00000
3376 0.00000
3377 0.00000
3378 0.00000
3379 0.00000
3380 0.00000
3381 0.00000
3382 0.00000
3383 0.00000
3384 0.00000
3385 0.00000
3386 0.00000
3387 0.00000
3388 0.00000
3389 0.00000
3390 0.00000
3391 0.00000
3392 0.00000
3393 0.00000
3394 0.00000
3395 0.00000
3396 0.00000
3397 0.00000
3398 0.00000
3399 0.00000
3400 0.00000
3401 0.00000
3402 0.00000
3403 0.00000
3404 0.00000
3405 0.00000
3406 0.00000
3407 0.00000
3408 0.00000
3409 0.00000
3410 0.00000
3411 0.00000
3412 0.00000
3413 0.00000
3414 0.00000
3415 0.00000
3416 0.00000
3417 0.00000
3418 0.00000
3419 0.00000
3420 0.00000
3421 0.00000
3422 0.00000
3423 0.00000
3424 0.00000
3425 0.00000
3426 0.00000
3427 0.00000
3428 0.00000
3429 0.00000
3430 0.00000
3431 0.00000
3432 0.00000
3433 0.00000
3434 0.00000
3435 0.00000
3436 0.00000
3437 0.00000
3438 0.00000
3439 0.00000
3440 0.00000
3441 0.00000
3442 0.00000
3443 0.00000
3444 0.00000
3445 0.00000
3446 0.00000
3447 0.00000
3448 0.00000
3449 0.00000
3450 0.00000
3451 0.00000
3452 0.00000
3453 0.00000
3454 0.00000
3455 0.00000
3456 0.00000
3457 0.00000
3458 0.00000
3459 0.00000
3460 0.00000
3461 0.00000
3462 0.00000
3463 0.00000
3464 0.00000
3465 0.00000
3466 0.00000
3467 0.00000
3468 0.00000
3469 0.00000
3470 0.00000
3471 0.00000
3472 0.00000
3473 0.00000
3474 0.00000
3475 0.00000
3476 0.00000
3477 0.00000
3478 0.00000
3479 0.00000
3480 0.00000
3481 0.00000
3482 0.00000
3483 0.00000
3484 0.00000
3485 0.00000
3486 0.00000
3487 0.00000
3488 0.00000
3489 0.00000
3490 0.00000
3491 0.00000
3492 0.00000
3493 0.00000
3494 0.00000
3495 0.00000
3496 0.00000
3497 0.00000
3498 0.00000
3499 0.00000
3500 0.00000
3501 0.00000
3502 0.00000
3503 0.00000
3504 0.00000
3505 0.00000
3506 0.00000
3507 0.00000
3508 0.00000
3509 0.00000
3510 0.00000
3511 0.00000
3512 0.00000
3513 0.00000
3514 0.00000
3515 0.00000
3516 0.00000
3517 0.00000
3518 0.00000
3519 0.00000
3520 0.00000
3521 0.00000
3522 0.00000
3523 0.00000
3524 0.00000
3525 0.00000
3526 0.00000
3527 0.00000
3528 0.00000
3529 0.00000
3530 0.00000
3531 0.00000
3532 0.00000
3533 0.00000
3534 0.00000
3535 0.00000
3536 0.00000
3537 0.00000
3538 0.00000
3539 0.00000
3540 0.00000
3541 0.00000
3542 0.00000
3543 0.00000
3544 0.00000
3545 0.00000
3546 0.00000
3547 0.00000
3548 0.00000
3549 0.00000
3550 0.00000
3551 0.00000
3552 0.00000
3553 0.00000
3554 0.00000
3555 0.00000
3556 0.00000
3557 0.00000
3558 0.00000
3559 0.00000
3560 0.00000
3561 0.00000
3562 0.00000
3563 0.00000
3564 0.00000
3565 0.00000
3566 0.00000
3567 0.00000
3568 0.00000
3569 0.00000
3570 0.00000
3571 0.00000
3572 0.00000
3573 0.00000
3574 0.00000
3575 0.00000
3576 0.00000
3577 0.00000
3578 0.00000
3579 0.00000
3580 0.00000
3581 0.00000
3582 0.00000
3583 0.00000
3584 0.00000
3585 0.00000
3586 0.00000
3587 0.00000
3588 0.00000
3589 0.00000
3590 0.00000
3591 0.00000
3592 0.00000
3593 0.00000
3594 0.00000
3595 0.00000
3596 0.00000
3597 0.00000
3598 0.00000
3599 0.00000
3600 0.00000
3601 0.00000
3602 0.00000
3603 0.00000
3604 0.00000
3605 0.00000
3606 0.00000
3607 0.00000
3608 0.00000
3609 0.00000
3610 0.00000
3611 0.00000
3612 0.00000
3613 0.00000
3614 0.00000
3615 0.00000
3616 0.00000
3617 0.00000
3618 0.00000
3619 0.00000
3620 0.00000
3621 0.00000
3622 0.00000
3623 0.00000
3624 0.00000
3625 0.00000
3626 0.00000
3627 0.00000
3628 0.00000
3629 0.00000
3630 0.00000
3631 0.00000
3632 0.00000
3633 0.00000
3634 0.00000
3635 0.00000
3636 0.00000
3637 0.00000
3638 0.00000
3639 0.00000
3640 0.00000
3641 0.00000
3642 0.00000
3643 0.00000
3644 0.00000
3645 0.00000
3646 0.00000
3647 0.00000
3648 0.00000
3649 0.00000
3650 0.00000
3651 0.00000
3652 0.00000
3653 0.00000
3654 0.00000
3655 0.00000
3656 0.00000
3657 0.00000
3658 0.00000
3659 0.00000
3660 0.00000
3661 0.00000
3662 0.00000
3663 0.00000
3664 0.00000
3665 0.00000
3666 0.00000
3667 0.00000
3668 0.00000
3669 0.00000
3670 0.00000
3671 0.00000
3672 0.00000
3673 0.00000
3674 0.00000
3675 0.00000
3676 0.00000
3677 0.00000
3678 0.00000
3679 0.00000
3680 0.00000
3681 0.00000
3682 0.00000
3683 0.00000
3684 0.00000
3685 0.00000
3686 0.00000
3687 0.00000
3688 0.00000
3689 0.00000
3690 0.00000
3691 0.00000
3692 0.00000
3693 0.00000
3694 0.00000
3695 0.00000
3696 0.00000
3697 0.00000
3698 0.00000
3699 0.00000
3700 0.00000
3701 0.00000
3702 0.00000
3703 0.00000
3704 0.00000
3705 0.00000
3706 0.00000
3707 0.00000
3708 0.00000
3709 0.00000
3710 0.00000
3711 0.00000
3712 0.00000
3713 0.00000
3714 0.00000
3715 0.00000
3716 0.00000
3717 0.00000
3718 0.00000
3719 0.00000
3720 0.00000
3721 0.00000
3722 0.00000
3723 0.00000
3724 0.00000
3725 0.00000
3726 0.00000
3727 0.00000
3728 0.00000
3729 0.00000
3730 0.00000
3731 0.00000
3732 0.00000
3733 0.00000
3734 0.00000
3735 0.00000
3736 0.00000
3737 0.00000
3738 0.00000
3739 0.00000
3740 0.00000
3741 0.00000
3742 0.00000
3743 0.00000
3744 0.00000
3745 0.00000
3746 0.00000
3747 0.00000
3748 0.00000
3749 0.00000
3750 0.00000
3751 0.00000
3752 0.00000
3753 0.00000
3754 0.00000
3755 0.00000
3756 0.00000
3757 0.00000
3758 0.00000
3759 0.00000
3760 0.00000
3761 0.00000
3762 0.00000
3763 0.00000
3764 0.00000
3765 0.00000
3766 0.00000
3767 0.00000
3768 0.00000
3769 0.00000
3770 0.00000
3771 0.00000
3772 0.00000
3773 0.00000
3774 0.00000
3775 0.00000
3776 0.00000
3777 0.00000
3778 0.00000
3779 0.00000
3780 0.00000
3781 0.00000
3782 0.00000
3783 0.00000
3784 0.00000
3785 0.00000
3786 0.00000
3787 0.00000
3788 0.00000
3789 0.00000
3790 0.00000
3791 0.00000
3792 0.00000
3793 0.00000
3794 0.00000
3795 0.00000
3796 0.00000
3797 0.00000
3798 0.00000
3799 0.00000
3800 0.00000
3801 0.00000
3802 0.00000
3803 0.00000
3804 0.00000
3805 0.00000
3806 0.00000
3807 0.00000
3808 0.00000
3809 0.00000
3810 0.00000
3811 0.00000
3812 0.00000
3813 0.00000
3814 0.00000
3815 0.00000
3816 0.00000
3817 0.00000
3818 0.00000
3819 0.00000
3820 0.00000
3821 0.00000
3822 0.00000
3823 0.00000
3824 0.00000
3825 0.00000
3826 0.00000
3827 0.00000
3828 0.00000
3829 0.00000
3830 0.00000
3831 0.00000
3832 0.00000
3833 0.00000
3834 0.00000
3835 0.00000
3836 0.00000
3837 0.00000
3838 0.00000
3839 0.00000
3840 0.00000
3841 0.00000
3842 0.00000
3843 0.00000
3844 0.00000
3845 0.00000
3846 0.00000
3847 0.00000
3848 0.00000
3849 0.00000
3850 0.00000
3851 0.00000
3852 0.00000
3853 0.00000
3854 0.00000
3855 0.00000
3856 0.00000
3857 0.00000
3858 0.00000
3859 0.00000
3860 0.00000
3861 0.00000
3862 0.00000
3863 0.00000
3864 0.00000
3865 0.00000
3866 0.00000
3867 0.00000
3868 0.00000
3869 0.00000
3870 0.00000
3871 0.00000
3872 0.00000
3873 0.00000
3874 0.00000
3875 0.00000
3876 0.00000
3877 0.00000
3878 0.00000
3879 0.00000
3880 0.00000
3881 0.00000
3882 0.00000
3883 0.00000
3884 0.00000
3885 0.00000
3886 0.00000
3887 0.00000
3888 0.00000
3889 0.00000
3890 0.00000
3891 0.00000
3892 0.00000
3893 0.00000
3894 0.00000
3895 0.00000
3896 0.00000
3897 0.00000
3898 0.00000
3899 0.00000
3900 0.00000
3901 0.00000
3902 0.00000
3903 0.00000
3904 0.00000
3905 0.00000
3906 0.00000
3907 0.00000
3908 0.00000
3909 0.00000
3910 0.00000
3911 0.00000
3912 0.00000
3913 0.00000
3914 0.00000
3915 0.00000
3916 0.00000
3917 0.00000
3918 0.00000
3919 0.00000
3920 0.00000
3921 0.00000
3922 0.00000
3923 0.00000
3924 0.00000
3925 0.00000
3926 0.00000
3927 0.00000
3928 0.00000
3929 0.00000
3930 0.00000
3931 0.00000
3932 0.00000
3933 0.00000
3934 0.00000
3935 0.00000
3936 0.00000
3937 0.00000
3938 0.00000
3939 0.00000
3940 0.00000
3941 0.00000
3942 0.00000
3943 0.00000
3944 0.00000
3945 0.00000
3946 0.00000
3947 0.00000
3948 0.00000
3949 0.00000
3950 0.00000
3951 0.00000
3952 0.00000
3953 0.00000
3954 0.00000
3955 0.00000
3956 0.00000
3957 0.00000
3958 0.00000
3959 0.00000
3960 0.00000
3961 0.00000
3962 0.00000
3963 0.00000
3964 0.00000
3965 0.00000
3966 0.00000
3967 0.00000
3968 0.00000
3969 0.00000
3970 0.00000
3971 0.00000
3972 0.00000
3973 0.00000
3974 0.00000
3975 0.00000
3976 0.00000
3977 0.00000
3978 0.00000
3979 0.00000
3980 0.00000
3981 0.00000
3982 0.00000
3983 0.00000
3984 0.00000
3985 0.00000
3986 0.00000
3987 0.00000
3988 0.00000
3989 0.00000
3990 0.00000
3991 0.00000
3992 0.00000
3993 0.00000
3994 0.00000
3995 0.00000
3996 0.00000
3997 0.00000
3998 0.00000
3999 0.00000
4000 0.00000
4001 0.00000
4002 0.00000
4003 0.00000
4004 0.00000
4005 0.00000
4006 0.00000
4007 0.00000
4008 0.00000
4009 0.00000
4010 0.00000
4011 0.00000
4012 0.00000
4013 0.00000
4014 0.00000
4015 0.00000
4016 0.00000
4017 0.00000
4018 0.00000
4019 0.00000
4020 0.00000
4021 0.00000
4022 0.00000
4023 0.00000
4024 0.00000
4025 0.00000
4026 0.00000
4027 0.00000
4028 0.00000
4029 0.00000
4030 0.00000
4031 0.00000
4032 0.00000
4033 0.00000
4034 0.00000
4035 0.00000
4036 0.00000
4037 0.00000
4038 0.00000
4039 0.00000
4040 0.00000
4041 0.00000
4042 0.00000
4043 0.00000
4044 0.00000
4045 0.00000
4046 0.00000
4047 0.00000
4048 0.00000
4049 0.00000
4050 0.00000
4051 0.00000
4052 0.00000
4053 0.00000
4054 0.00000
4055 0.00000
4056 0.00000
4057 0.00000
4058 0.00000
4059 0.00000
4060 0.00000
4061 0.00000
4062 0.00000
4063 0.00000
4064 0.00000
4065 0.00000
4066 0.00000
4067 0.00000
4068 0.00000
4069 0.00000
4070 0.00000
4071 0.00000
4072 0.00000
4073 0.00000
4074 0.00000
4075 0.00000
4076 0.00000
4077 0.00000
4078 0.00000
4079 0.00000
4080 0.00000
4081 0.00000
4082 0.00000
4083 0.00000
4084 0.00000
4085 0.00000
4086 0.00000
4087 0.00000
4088 0.00000
4089 0.00000
4090 0.00000
4091 0.00000
4092 0.00000
4093 0.00000
4094 0.00000
4095 0.00000
4096 0.00000
4097 0.00000
4098 0.00000
4099 0.00000
4100 0.00000
4101 0.00000
4102 0.00000
4103 0.00000
4104 0.00000
4105 0.00000
4106 0.00000
4107 0.00000
4108 0.00000
4109 0.00000
4110 0.00000
4111 0.00000
4112 0.00000
4113 0.00000
4114 0.00000
4115 0.00000
4116 0.00000
4117 0.00000
4118 0.00000
4119 0.00000
4120 0.00000
4121 0.00000
4122 0.00000
4123 0.00000
4124 0.00000
4125 0.00000
4126 0.00000
4127 0.00000
4128 0.00000
4129 0.00000
4130 0.00000
4131 0.00000
4132 0.00000
4133 0.00000
4134 0.00000
4135 0.00000
4136 0.00000
4137 0.00000
4138 0.00000
4139 0.00000
4140 0.00000
4141 0.00000
4142 0.00000
4143 0.00000
4144 0.00000
4145 0.00000
4146 0.00000
4147 0.00000
4148 0.00000
4149 0.00000
4150 0.00000
4151 0.00000
4152 0.00000
4153 0.00000
4154 0.00000
4155 0.00000
4156 0.00000
4157 0.00000
4158 0.00000
4159 0.00000
4160 0.00000
4161 0.00000
4162 0.00000
4163 0.00000
4164 0.00000
4165 0.00000
4166 0.00000
4167 0.00000
4168 0.00000
4169 0.00000
4170 0.00000
4171 0.00000
4172 0.00000
4173 0.00000
4174 0.00000
4175 0.00000
4176 0.00000
4177 0.00000
4178 0.00000
4179 0.00000
4180 0.00000
4181 0.00000
4182 0.00000
4183 0.00000
4184 0.00000
4185 0.00000
4186 0.00000
4187 0.00000
4188 0.00000
4189 0.00000
4190 0.00000
4191 0.00000
4192 0.00000
4193 0.00000
4194 0.00000
4195 0.00000
4196 0.00000
4197 0.00000
4198 0.00000
4199 0.00000
4200 0.00000
4201 0.00000
4202 0.00000
4203 0.00000
4204 0.00000
4205 0.00000
4206 0.00000
4207 0.00000
4208 0.00000
4209 0.00000
4210 0.00000
4211 0.00000
4212 0.00000
4213 0.00000
4214 0.00000
4215 0.00000
4216 0.00000
4217 0.00000
4218 0.00000
4219 0.00000
4220 0.00000
4221 0.00000
4222 0.00000
4223 0.00000
4224 0.00000
4225 0.00000
4226 0.00000
4227 0.00000
4228 0.00000
4229 0.00000
4230 0.00000
4231 0.00000
4232 0.00000
4233 0.00000
4234 0.00000
4235 0.00000
4236 0.00000
4237 0.00000
4238 0.00000
4239 0.00000
4240 0.00000
4241 0.00000
4242 0.00000
4243 0.00000
4244 0.00000
4245 0.00000
4246 0.00000
4247 0.00000
4248 0.00000
4249 0.00000
4250 0.00000
4251 0.00000
4252 0.00000
4253 0.00000
4254 0.00000
4255 0.00000
4256 0.00000
4257 0.00000
4258 0.00000
4259 0.00000
4260 0.00000
4261 0.00000
4262 0.00000
4263 0.00000
4264 0.00000
4265 0.00000
4266 0.00000
4267 0.00000
4268 0.00000
4269 0.00000
4270 0.00000
4271 0.00000
4272 0.00000
4273 0.00000
4274 0.00000
4275 0.00000
4276 0.00000
4277 0.00000
4278 0.00000
4279 0.00000
4280 0.00000
4281 0.00000
4282 0.00000
4283 0.00000
4284 0.00000
4285 0.00000
4286 0.00000
4287 0.00000
4288 0.00000
4289 0.00000
4290 0.00000
4291 0.00000
4292 0.00000
4293 0.00000
4294 0.00000
4295 0.00000
4296 0.00000
4297 0.00000
4298 0.00000
4299 0.00000
4300 0.00000
4301 0.00000
4302 0.00000
4303 0.00000
4304 0.00000
4305 0.00000
4306 0.00000
4307 0.00000
4308 0.00000
4309 0.00000
4310 0.00000
4311 0.00000
4312 0.00000
4313 0.00000
4314 0.00000
4315 0.00000
4316 0.00000
4317 0.00000
4318 0.00000
4319 0.00000
4320 0.00000
4321 0.00000
4322 0.00000
4323 0.00000
4324 0.00000
4325 0.00000
4326 0.00000
4327 0.00000
4328 0.00000
4329 0.00000
4330 0.00000
4331 0.00000
4332 0.00000
4333 0.00000
4334 0.00000
4335 0.00000
4336 0.00000
4337 0.00000
4338 0.00000
4339 0.00000
4340 0.00000
4341 0.00000
4342 0.00000
4343 0.00000
4344 0.00000
4345 0.00000
4346 0.00000
4347 0.00000
4348 0.00000
4349 0.00000
4350 0.00000
4351 0.00000
4352 0.00000
4353 0.00000
4354 0.00000
4355 0.00000
4356 0.00000
4357 0.00000
4358 0.00000
4359 0.00000
4360 0.00000
4361 0.00000
4362 0.00000
4363 0.00000
4364 0.00000
4365 0.00000
4366 0.00000
4367 0.00000
4368 0.00000
4369 0.00000
4370 0.00000
4371 0.00000
4372 0.00000
4373 0.00000
4374 0.00000
4375 0.00000
4376 0.00000
4377 0.00000
4378 0.00000
4379 0.00000
4380 0.00000
4381 0.00000
4382 0.00000
4383 0.00000
4384 0.00000
4385 0.00000
4386 0.00000
4387 0.00000
4388 0.00000
4389 0.00000
4390 0.00000
4391 0.00000
4392 0.00000
4393 0.00000
4394 0.00000
4395 0.00000
4396 0.00000
4397 0.00000
4398 0.00000
4399 0.00000
4400 0.00000
4401 0.00000
4402 0.00000
4403 0.00000
4404 0.00000
4405 0.00000
4406 0.00000
4407 0.00000
4408 0.00000
4409 0.00000
4410 0.00000
4411 0.00000
4412 0.00000
4413 0.00000
4414 0.00000
4415 0.00000
4416 0.00000
4417 0.00000
4418 0.00000
4419 0.00000
4420 0.00000
4421 0.00000
4422 0.00000
4423 0.00000
4424 0.00000
4425 0.00000
4426 0.00000
4427 0.00000
4428 0.00000
4429 0.00000
4430 0.00000
4431 0.00000
4432 0.00000
4433 0.00000
4434 0.00000
4435 0.00000
4436 0.00000
4437 0.00000
4438 0.00000
4439 0.00000
4440 0.00000
4441 0.00000
4442 0.00000
4443 0.00000
4444 0.00000
4445 0.00000
4446 0.00000
4447 0.00000
4448 0.00000
4449 0.00000
4450 0.00000
4451 0.00000
4452 0.00000
4453 0.00000
4454 0.00000
4455 0.00000
4456 0.00000
4457 0.00000
4458 0.00000
4459 0.00000
4460 0.00000
4461 0.00000
4462 0.00000
4463 0.00000
4464 0.00000
4465 0.00000
4466 0.00000
4467 0.00000
4468 0.00000
4469 0.00000
4470 0.00000
4471 0.00000
4472 0.00000
4473 0.00000
4474 0.00000
4475 0.00000
4476 0.00000
4477 0.00000
4478 0.00000
4479 0.00000
4480 0.00000
4481 0.00000
4482 0.00000
4483 0.00000
4484 0.00000
4485 0.00000
4486 0.00000
4487 0.00000
4488 0.00000
4489 0.00000
4490 0.00000
4491 0.00000
4492 0.00000
4493 0.00000
4494 0.00000
4495 0.00000
4496 0.00000
4497 0.00000
4498 0.00000
4499 0.00000
4500 0.00000
4501 0.00000
4502 0.00000
4503 0.00000
4504 0.00000
4505 0.00000
4506 0.00000
4507 0.00000
4508 0.00000
4509 0.00000
4510 0.00000
4511 0.00000
4512 0.00000
4513 0.00000
4514 0.00000
4515 0.00000
4516 0.00000
4517 0.00000
4518 0.00000
4519 0.00000
4520 0.00000
4521 0.00000
4522 0.00000
4523 0.00000
4524 0.00000
4525 0.00000
4526 0.00000
4527 0.00000
4528 0.00000
4529 0.00000
4530 0.00000
4531 0.00000
4532 0.00000
4533 0.00000
4534 0.00000
4535 0.00000
4536 0.00000
4537 0.00000
4538 0.00000
4539 0.00000
4540 0.00000
4541 0.00000
4542 0.00000
4543 0.00000
4544 0.00000
4545 0.00000
4546 0.00000
4547 0.00000
4548 0.00000
4549 0.00000
4550 0.00000
4551 0.00000
4552 0.00000
4553 0.00000
4554 0.00000
4555 0.00000
4556 0.00000
4557 0.00000
4558 0.00000
4559 0.00000
4560 0.00000
4561 0.00000
4562 0.00000
4563 0.00000
4564 0.00000
4565 0.00000
4566 0.00000
4567 0.00000
4568 0.00000
4569 0.00000
4570 0.00000
4571 0.00000
4572 0.00000
4573 0.00000
4574 0.00000
4575 0.00000
4576 0.00000
4577 0.00000
4578 0.00000
4579 0.00000
4580 0.00000
4581 0.00000
4582 0.00000
4583 0.00000
4584 0.00000
4585 0.00000
4586 0.00000
4587 0.00000
4588 0.00000
4589 0.00000
4590 0.00000
4591 0.00000
4592 0.00000
4593 0.00000
4594 0.00000
4595 0.00000
4596 0.00000
4597 0.00000
4598 0.00000
4599 0.00000
4600 0.00000
4601 0.00000
4602 0.00000
4603 0.00000
4604 0.00000
4605 0.00000
4606 0.00000
4607 0.00000
4608 0.00000
4609 0.00000
4610 0.00000
4611 0.00000
4612 0.00000
4613 0.00000
4614 0.00000
4615 0.00000
4616 0.00000
4617 0.00000
4618 0.00000
4619 0.00000
4620 0.00000
4621 0.00000
4622 0.00000
4623 0.00000
4624 0.00000
4625 0.00000
4626 0.00000
4627 0.00000
4628 0.00000
4629 0.00000
4630 0.00000
4631 0.00000
4632 0.00000
4633 0.00000
4634 0.00000
4635 0.00000
4636 0.00000
4637 0.00000
4638 0.00000
4639 0.00000
4640 0.00000
4641 0.00000
4642 0.00000
4643 0.00000
4644 0.00000
4645 0.00000
4646 0.00000
4647 0.00000
4648 0.00000
4649 0.00000
4650 0.00000
4651 0.00000
4652 0.00050
4653 0.00000
4654 0.00000
4655 0.00000
4656 0.00000
4657 0.00000
4658 0.00000
4659 0.00000
4660 0.00000
4661 0.00000
4662 0.00000
4663 0.00000
4664 0.00000
4665 0.00000
4666 0.00000
4667 0.00000
4668 0.00000
4669 0.00000
4670 0.00050
4671 0.00000
4672 0.00100
4673 0.00050
4674 0.00050
4675 0.00000
4676 0.00000
4677 0.00000
4678 0.00000
4679 0.00000
4680 0.00050
4681 0.00000
4682 0.00000
4683 0.00000
4684 0.00000
4685 0.00000
4686 0.00000
4687 0.00000
4688 0.00000
4689 0.00100
4690 0.00050
4691 0.00050
4692 0.00000
4693 0.00100
4694 0.00050
4695 0.00000
4696 0.00000
4697 0.00000
4698 0.00000
4699 0.00050
4700 0.00000
4701 0.00050
4702 0.00050
4703 0.00000
4704 0.00000
4705 0.00050
4706 0.00000
4707 0.00050
4708 0.00000
4709 0.00100
4710 0.00000
4711 0.00000
4712 0.00050
4713 0.00000
4714 0.00000
4715 0.00000
4716 0.00000
4717 0.00050
4718 0.00000
4719 0.00100
4720 0.00050
4721 0.00050
4722 0.00050
4723 0.00050
4724 0.00050
4725 0.00050
4726 0.00100
4727 0.00000
4728 0.00150
4729 0.00100
4730 0.00050
4731 0.00250
4732 0.00100
4733 0.00050
4734 0.00050
4735 0.00250
4736 0.00150
4737 0.00250
4738 0.00000
4739 0.00100
4740 0.00100
4741 0.00050
4742 0.00100
4743 0.00150
4744 0.00100
4745 0.00050
4746 0.00150
4747 0.00200
4748 0.00150
4749 0.00250
4750 0.00150
4751 0.00150
4752 0.00150
4753 0.00000
4754 0.00150
4755 0.00050
4756 0.00100
4757 0.00100
4758 0.00150
4759 0.00150
4760 0.00100
4761 0.00300
4762 0.00150
4763 0.00050
4764 0.00350
4765 0.00100
4766 0.00150
4767 0.00100
4768 0.00050
4769 0.00400
4770 0.00150
4771 0.00300
4772 0.00350
4773 0.00200
4774 0.00250
4775 0.00400
4776 0.00250
4777 0.00400
4778 0.00450
4779 0.00400
4780 0.00000
4781 0.00250
4782 0.00300
4783 0.00450
4784 0.00050
4785 0.00450
4786 0.00300
4787 0.00250
4788 0.00350
4789 0.00200
4790 0.00150
4791 0.00350
4792 0.00350
4793 0.00400
4794 0.00200
4795 0.00500
4796 0.00250
4797 0.00300
4798 0.00450
4799 0.00450
4800 0.00200
4801 0.00500
4802 0.00550
4803 0.00250
4804 0.00250
4805 0.00550
4806 0.00500
4807 0.00500
4808 0.00200
4809 0.00300
4810 0.00650
4811 0.00300
4812 0.00400
4813 0.00300
4814 0.00250
4815 0.00500
4816 0.00150
4817 0.00200
4818 0.00550
4819 0.00700
4820 0.00500
4821 0.00400
4822 0.00400
4823 0.00400
4824 0.00250
4825 0.00550
4826 0.00250
4827 0.00400
4828 0.00400
4829 0.00600
4830 0.00450
4831 0.00250
4832 0.00400
4833 0.00550
4834 0.00850
4835 0.00450
4836 0.00800
4837 0.00400
4838 0.00300
4839 0.00550
4840 0.00700
4841 0.00600
4842 0.00300
4843 0.00650
4844 0.00250
4845 0.00500
4846 0.00650
4847 0.00250
4848 0.00350
4849 0.00250
4850 0.00750
4851 0.00600
4852 0.00650
4853 0.00500
4854 0.00250
4855 0.00350
4856 0.00550
4857 0.00350
4858 0.00650
4859 0.00950
4860 0.00100
4861 0.00800
4862 0.00650
4863 0.00650
4864 0.00600
4865 0.00850
4866 0.00850
4867 0.00500
4868 0.00700
4869 0.00800
4870 0.00450
4871 0.00600
4872 0.00400
4873 0.00750
4874 0.00500
4875 0.00550
4876 0.00650
4877 0.00650
4878 0.00550
4879 0.00700
4880 0.00600
4881 0.00250
4882 0.00400
4883 0.00600
4884 0.00550
4885 0.00400
4886 0.00550
4887 0.00500
4888 0.00400
4889 0.00600
4890 0.00700
4891 0.00400
4892 0.00450
4893 0.00500
4894 0.00550
4895 0.00550
4896 0.00750
4897 0.00600
4898 0.00800
4899 0.00500
4900 0.00600
4901 0.00450
4902 0.00700
4903 0.00800
4904 0.00450
4905 0.00700
4906 0.00600
4907 0.00550
4908 0.00600
4909 0.00200
4910 0.00300
4911 0.00600
4912 0.00550
4913 0.00450
4914 0.00600
4915 0.00450
4916 0.00400
4917 0.00650
4918 0.00500
4919 0.00450
4920 0.00500
4921 0.00650
4922 0.00600
4923 0.00250
4924 0.00550
4925 0.00400
4926 0.00350
4927 0.00450
4928 0.00450
4929 0.00350
4930 0.00400
4931 0.00450
4932 0.00450
4933 0.00350
4934 0.00300
4935 0.00450
4936 0.00400
4937 0.00300
4938 0.00150
4939 0.00300
4940 0.00250
4941 0.00250
4942 0.00250
4943 0.00400
4944 0.00400
4945 0.00400
4946 0.00200
4947 0.00200
4948 0.00600
4949 0.00300
4950 0.00350
4951 0.00500
4952 0.00200
4953 0.00200
4954 0.00250
4955 0.00400
4956 0.00150
4957 0.00450
4958 0.00200
4959 0.00300
4960 0.00100
4961 0.00350
4962 0.00250
4963 0.00150
4964 0.00250
4965 0.00150
4966 0.00350
4967 0.00100
4968 0.00100
4969 0.00200
4970 0.00100
4971 0.00200
4972 0.00100
4973 0.00050
4974 0.00250
4975 0.00250
4976 0.00100
4977 0.00150
4978 0.00050
4979 0.00150
4980 0.00200
4981 0.00150
4982 0.00000
4983 0.00000
4984 0.00100
4985 0.00050
4986 0.00100
4987 0.00200
4988 0.00250
4989 0.00150
4990 0.00050
4991 0.00100
4992 0.00100
4993 0.00250
4994 0.00350
4995 0.00000
4996 0.00250
4997 0.00150
4998 0.00200
4999 0.00100
5000 0.00050
5001 0.00050
5002 0.00050
5003 0.00000
5004 0.00000
5005 0.00200
5006 0.00000
5007 0.00050
5008 0.00100
5009 0.00050
5010 0.00150
5011 0.00050
5012 0.00150
5013 0.00050
5014 0.00050
5015 0.00050
5016 0.00050
5017 0.00050
5018 0.00000
5019 0.00050
5020 0.00050
5021 0.00050
5022 0.00050
5023 0.00050
5024 0.00000
5025 0.00000
5026 0.00000
5027 0.00000
5028 0.00000
5029 0.00100
5030 0.00150
5031 0.00050
5032 0.00000
5033 0.00050
5034 0.00000
5035 0.00000
5036 0.00000
5037 0.00100
5038 0.00100
5039 0.00000
5040 0.00000
5041 0.00000
5042 0.00050
5043 0.00000
5044 0.00000
5045 0.00000
5046 0.00050
5047 0.00000
5048 0.00000
5049 0.00000
5050 0.00000
5051 0.00000
5052 0.00000
5053 0.00000
5054 0.00000
5055 0.00050
5056 0.00000
5057 0.00000
5058 0.00000
5059 0.00000
5060 0.00050
5061 0.00000
5062 0.00000
5063 0.00000
5064 0.00000
5065 0.00000
5066 0.00000
5067 0.00000
5068 0.00000
5069 0.00000
5070 0.00000
5071 0.00050
5072 0.00000
5073 0.00000
5074 0.00000
5075 0.00000
5076 0.00000
5077 0.00000
5078 0.00000
5079 0.00000
5080 0.00000
5081 0.00000
5082 0.00000
5083 0.00000
5084 0.00000
5085 0.00000
5086 0.00000
5087 0.00000
5088 0.00000
5089 0.00000
5090 0.00000
5091 0.00000
5092 0.00050
5093 0.00000
5094 0.00000
5095 0.00000
5096 0.00000
5097 0.00000
5098 0.00000
5099 0.00000
5100 0.00000
5101 0.00000
5102 0.00000
5103 0.00000
5104 0.00000
5105 0.00050
5106 0.00000
5107 0.00000
5108 0.00000
5109 0.00000
5110 0.00000
5111 0.00000
5112 0.00000
5113 0.00000
5114 0.00050
5115 0.00000
5116 0.00000
5117 0.00000
5118 0.00000
5119 0.00000
5120 0.00000
5121 0.00000
5122 0.00000
5123 0.00000
5124 0.00000
5125 0.00000
5126 0.00000
5127 0.00000
5128 0.00000
5129 0.00000
5130 0.00000
5131 0.00000
5132 0.00000
5133 0.00000
5134 0.00000
5135 0.00050
